%!PS-Adobe-3.0 EPSF-3.0 
%%BoundingBox: 0 0 680 452
%%Pages: 0
%%Creator: Sun Microsystems, Inc.
%%Title: none
%%CreationDate: none
%%LanguageLevel: 2
%%EndComments
%%BeginProlog
%%BeginResource: procset SDRes-Prolog 1.0 0
/b4_inc_state save def
/dict_count countdictstack def
/op_count count 1 sub def
userdict begin
0 setgray 0 setlinecap 1 setlinewidth 0 setlinejoin 10 setmiterlimit[] 0 setdash newpath
/languagelevel where {pop languagelevel 1 ne {false setstrokeadjust false setoverprint} if} if
/bdef {bind def} bind def
/c {setgray} bdef
/l {neg lineto} bdef
/rl {neg rlineto} bdef
/lc {setlinecap} bdef
/lj {setlinejoin} bdef
/lw {setlinewidth} bdef
/ml {setmiterlimit} bdef
/ld {setdash} bdef
/m {neg moveto} bdef
/ct {6 2 roll neg 6 2 roll neg 6 2 roll neg curveto} bdef
/r {rotate} bdef
/t {neg translate} bdef
/s {scale} bdef
/sw {show} bdef
/gs {gsave} bdef
/gr {grestore} bdef
/f {findfont dup length dict begin
{1 index /FID ne {def} {pop pop} ifelse} forall /Encoding ISOLatin1Encoding def
currentdict end /NFont exch definefont pop /NFont findfont} bdef
/p {closepath} bdef
/sf {scalefont setfont} bdef
/ef {eofill}bdef
/pc {closepath stroke}bdef
/ps {stroke}bdef
/pum {matrix currentmatrix}bdef
/pom {setmatrix}bdef
/bs {/aString exch def /nXOfs exch def /nWidth exch def currentpoint nXOfs 0 rmoveto pum nWidth aString stringwidth pop div 1 scale aString show pom moveto} bdef
%%EndResource
%%EndProlog
%%BeginSetup
%%EndSetup
%%Page: 1 1
%%BeginPageSetup
%%EndPageSetup
pum
0.02833 0.02832 s 
0 -15956 t
/tm matrix currentmatrix def
tm setmatrix
-4000 -3000 t 
1 1 s 
gs
4000 3000 m 28000 3000 l 28000 17400 l 4000 17400 l 4000 3000 l eoclip newpath
gs
tm setmatrix
0 0 t 
1.1998 1.19935 s 
gs
gs
0 0 m 20000 0 l 20000 12000 l 0 12000 l 0 0 l eoclip newpath
gs
0 0 m 20000 0 l 20000 12000 l 0 12000 l 0 0 l eoclip newpath
0.996 c 10000 12000 m  0 12000 l  0 0 l  20000 0 l  20000 12000 l  10000 12000 l 
p ef
0.699 c 10405 10071 m  1947 10071 l  1947 424 l  18863 424 l  18863 10071 l 
10405 10071 l  pc
18864 10071 m  1947 10071 l  ps
18864 9106 m  1947 9106 l  ps
18864 8141 m  1947 8141 l  ps
18864 7176 m  1947 7176 l  ps
18864 6211 m  1947 6211 l  ps
18864 5247 m  1947 5247 l  ps
18864 4282 m  1947 4282 l  ps
18864 3317 m  1947 3317 l  ps
18864 2352 m  1947 2352 l  ps
18864 1387 m  1947 1387 l  ps
18864 423 m  1947 423 l  ps
gs
gs
pum
1869 10610 t
0.000 c 13 -99 m  13 -123 15 -142 20 -157 ct 25 -172 32 -183 42 -190 ct 52 -198 64 -202 79 -202 ct 
89 -202 99 -200 107 -195 ct 115 -191 122 -185 127 -177 ct 132 -169 136 -159 139 -147 ct 
142 -135 144 -119 144 -99 ct 144 -76 142 -57 137 -42 ct 132 -28 125 -16 115 -9 ct 
105 -1 93 3 79 3 ct 59 3 44 -4 33 -17 ct 20 -34 13 -62 13 -99 ct p
38 -99 m  38 -66 42 -44 50 -33 ct 57 -22 67 -17 79 -17 ct 90 -17 100 -22 107 -33 ct 
115 -44 119 -66 119 -99 ct 119 -132 115 -154 107 -165 ct 100 -176 90 -181 78 -181 ct 
67 -181 58 -176 51 -167 ct 42 -154 38 -132 38 -99 ct p ef
pom
gr
gr
gs
gs
pum
3115 10610 t
0.000 c 13 -53 m  38 -55 l  40 -42 44 -33 51 -27 ct 58 -20 67 -17 77 -17 ct 90 -17 100 -21 108 -30 ct 
116 -39 120 -51 120 -66 ct 120 -80 116 -92 108 -100 ct 100 -108 90 -112 76 -112 ct 
68 -112 60 -110 54 -107 ct 48 -103 43 -99 39 -93 ct 16 -96 l  37 -199 l  135 -199 l 
135 -174 l  56 -174 l  45 -121 l  57 -130 70 -134 83 -134 ct 101 -134 116 -128 128 -116 ct 
140 -104 146 -88 146 -69 ct 146 -51 141 -35 130 -21 ct 117 -5 100 3 77 3 ct 59 3 44 -2 33 -12 ct 
21 -23 15 -36 13 -53 ct p ef
pom
gr
gr
gs
gs
pum
4279 10610 t
0.000 c 105 0 m  80 0 l  80 -157 l  74 -152 66 -146 56 -140 ct 47 -135 38 -130 30 -128 ct 
30 -152 l  44 -158 56 -166 67 -175 ct 77 -184 85 -193 89 -202 ct 105 -202 l 
105 0 l  p ef
172 -99 m  172 -123 174 -142 179 -157 ct 184 -172 191 -183 201 -190 ct 211 -198 223 -202 238 -202 ct 
248 -202 258 -200 266 -195 ct 274 -191 281 -185 286 -177 ct 291 -169 295 -159 298 -147 ct 
301 -135 303 -119 303 -99 ct 303 -76 301 -57 296 -42 ct 291 -28 284 -16 274 -9 ct 
264 -1 252 3 238 3 ct 218 3 203 -4 192 -17 ct 179 -34 172 -62 172 -99 ct p
197 -99 m  197 -66 201 -44 209 -33 ct 216 -22 226 -17 238 -17 ct 249 -17 259 -22 266 -33 ct 
274 -44 278 -66 278 -99 ct 278 -132 274 -154 266 -165 ct 259 -176 249 -181 237 -181 ct 
226 -181 217 -176 210 -167 ct 201 -154 197 -132 197 -99 ct p ef
pom
gr
gr
gs
gs
pum
5525 10610 t
0.000 c 105 0 m  80 0 l  80 -157 l  74 -152 66 -146 56 -140 ct 47 -135 38 -130 30 -128 ct 
30 -152 l  44 -158 56 -166 67 -175 ct 77 -184 85 -193 89 -202 ct 105 -202 l 
105 0 l  p ef
172 -53 m  197 -55 l  199 -42 203 -33 210 -27 ct 217 -20 226 -17 236 -17 ct 
249 -17 259 -21 267 -30 ct 275 -39 279 -51 279 -66 ct 279 -80 275 -92 267 -100 ct 
259 -108 249 -112 235 -112 ct 227 -112 219 -110 213 -107 ct 207 -103 202 -99 198 -93 ct 
175 -96 l  196 -199 l  294 -199 l  294 -174 l  215 -174 l  204 -121 l 
216 -130 229 -134 242 -134 ct 260 -134 275 -128 287 -116 ct 299 -104 305 -88 305 -69 ct 
305 -51 300 -35 289 -21 ct 276 -5 259 3 236 3 ct 218 3 203 -2 192 -12 ct 180 -23 174 -36 172 -53 ct 
p ef
pom
gr
gr
gs
gs
pum
6771 10610 t
0.000 c 141 -25 m  141 0 l  8 0 l  8 -6 9 -12 11 -18 ct 14 -27 19 -36 27 -45 ct 
34 -54 44 -65 58 -76 ct 80 -94 95 -108 103 -118 ct 112 -128 116 -138 116 -147 ct 
116 -157 112 -165 105 -171 ct 98 -178 89 -181 78 -181 ct 66 -181 56 -177 49 -170 ct 
42 -163 38 -154 38 -141 ct 13 -144 l  15 -163 21 -177 33 -187 ct 44 -197 59 -202 78 -202 ct 
98 -202 113 -197 124 -186 ct 135 -175 141 -162 141 -146 ct 141 -138 139 -131 136 -123 ct 
133 -115 127 -107 119 -98 ct 112 -90 99 -78 82 -63 ct 67 -51 57 -43 53 -38 ct 49 -34 45 -29 43 -25 ct 
141 -25 l  p ef
172 -99 m  172 -123 174 -142 179 -157 ct 184 -172 191 -183 201 -190 ct 211 -198 223 -202 238 -202 ct 
248 -202 258 -200 266 -195 ct 274 -191 281 -185 286 -177 ct 291 -169 295 -159 298 -147 ct 
301 -135 303 -119 303 -99 ct 303 -76 301 -57 296 -42 ct 291 -28 284 -16 274 -9 ct 
264 -1 252 3 238 3 ct 218 3 203 -4 192 -17 ct 179 -34 172 -62 172 -99 ct p
197 -99 m  197 -66 201 -44 209 -33 ct 216 -22 226 -17 238 -17 ct 249 -17 259 -22 266 -33 ct 
274 -44 278 -66 278 -99 ct 278 -132 274 -154 266 -165 ct 259 -176 249 -181 237 -181 ct 
226 -181 217 -176 210 -167 ct 201 -154 197 -132 197 -99 ct p ef
pom
gr
gr
gs
gs
pum
8017 10610 t
0.000 c 141 -25 m  141 0 l  8 0 l  8 -6 9 -12 11 -18 ct 14 -27 19 -36 27 -45 ct 
34 -54 44 -65 58 -76 ct 80 -94 95 -108 103 -118 ct 112 -128 116 -138 116 -147 ct 
116 -157 112 -165 105 -171 ct 98 -178 89 -181 78 -181 ct 66 -181 56 -177 49 -170 ct 
42 -163 38 -154 38 -141 ct 13 -144 l  15 -163 21 -177 33 -187 ct 44 -197 59 -202 78 -202 ct 
98 -202 113 -197 124 -186 ct 135 -175 141 -162 141 -146 ct 141 -138 139 -131 136 -123 ct 
133 -115 127 -107 119 -98 ct 112 -90 99 -78 82 -63 ct 67 -51 57 -43 53 -38 ct 49 -34 45 -29 43 -25 ct 
141 -25 l  p ef
172 -53 m  197 -55 l  199 -42 203 -33 210 -27 ct 217 -20 226 -17 236 -17 ct 
249 -17 259 -21 267 -30 ct 275 -39 279 -51 279 -66 ct 279 -80 275 -92 267 -100 ct 
259 -108 249 -112 235 -112 ct 227 -112 219 -110 213 -107 ct 207 -103 202 -99 198 -93 ct 
175 -96 l  196 -199 l  294 -199 l  294 -174 l  215 -174 l  204 -121 l 
216 -130 229 -134 242 -134 ct 260 -134 275 -128 287 -116 ct 299 -104 305 -88 305 -69 ct 
305 -51 300 -35 289 -21 ct 276 -5 259 3 236 3 ct 218 3 203 -2 192 -12 ct 180 -23 174 -36 172 -53 ct 
p ef
pom
gr
gr
gs
gs
pum
9243 10610 t
0.000 c 13 -53 m  38 -56 l  41 -43 45 -33 52 -27 ct 59 -21 67 -18 77 -18 ct 89 -18 99 -22 106 -30 ct 
114 -38 118 -48 118 -60 ct 118 -71 114 -80 107 -88 ct 100 -95 90 -99 79 -99 ct 
74 -99 69 -98 62 -96 ct 64 -118 l  66 -118 67 -118 68 -118 ct 79 -118 88 -120 96 -126 ct 
104 -131 108 -140 108 -151 ct 108 -160 105 -167 99 -173 ct 93 -179 85 -182 76 -182 ct 
66 -182 58 -179 52 -173 ct 46 -167 42 -159 40 -147 ct 15 -150 l  18 -167 25 -179 35 -188 ct 
46 -197 59 -202 75 -202 ct 86 -202 96 -200 105 -195 ct 114 -190 121 -184 126 -176 ct 
131 -168 133 -159 133 -150 ct 133 -142 131 -134 126 -127 ct 121 -120 114 -114 105 -110 ct 
117 -107 127 -101 134 -93 ct 141 -84 144 -73 144 -60 ct 144 -43 138 -28 125 -15 ct 
112 -3 96 3 77 3 ct 59 3 44 -2 33 -13 ct 21 -23 15 -36 13 -53 ct p ef
172 -99 m  172 -123 174 -142 179 -157 ct 184 -172 191 -183 201 -190 ct 211 -198 223 -202 238 -202 ct 
248 -202 258 -200 266 -195 ct 274 -191 281 -185 286 -177 ct 291 -169 295 -159 298 -147 ct 
301 -135 303 -119 303 -99 ct 303 -76 301 -57 296 -42 ct 291 -28 284 -16 274 -9 ct 
264 -1 252 3 238 3 ct 218 3 203 -4 192 -17 ct 179 -34 172 -62 172 -99 ct p
197 -99 m  197 -66 201 -44 209 -33 ct 216 -22 226 -17 238 -17 ct 249 -17 259 -22 266 -33 ct 
274 -44 278 -66 278 -99 ct 278 -132 274 -154 266 -165 ct 259 -176 249 -181 237 -181 ct 
226 -181 217 -176 210 -167 ct 201 -154 197 -132 197 -99 ct p ef
pom
gr
gr
gs
gs
pum
10489 10610 t
0.000 c 13 -53 m  38 -56 l  41 -43 45 -33 52 -27 ct 59 -21 67 -18 77 -18 ct 89 -18 99 -22 106 -30 ct 
114 -38 118 -48 118 -60 ct 118 -71 114 -80 107 -88 ct 100 -95 90 -99 79 -99 ct 
74 -99 69 -98 62 -96 ct 64 -118 l  66 -118 67 -118 68 -118 ct 79 -118 88 -120 96 -126 ct 
104 -131 108 -140 108 -151 ct 108 -160 105 -167 99 -173 ct 93 -179 85 -182 76 -182 ct 
66 -182 58 -179 52 -173 ct 46 -167 42 -159 40 -147 ct 15 -150 l  18 -167 25 -179 35 -188 ct 
46 -197 59 -202 75 -202 ct 86 -202 96 -200 105 -195 ct 114 -190 121 -184 126 -176 ct 
131 -168 133 -159 133 -150 ct 133 -142 131 -134 126 -127 ct 121 -120 114 -114 105 -110 ct 
117 -107 127 -101 134 -93 ct 141 -84 144 -73 144 -60 ct 144 -43 138 -28 125 -15 ct 
112 -3 96 3 77 3 ct 59 3 44 -2 33 -13 ct 21 -23 15 -36 13 -53 ct p ef
172 -53 m  197 -55 l  199 -42 203 -33 210 -27 ct 217 -20 226 -17 236 -17 ct 
249 -17 259 -21 267 -30 ct 275 -39 279 -51 279 -66 ct 279 -80 275 -92 267 -100 ct 
259 -108 249 -112 235 -112 ct 227 -112 219 -110 213 -107 ct 207 -103 202 -99 198 -93 ct 
175 -96 l  196 -199 l  294 -199 l  294 -174 l  215 -174 l  204 -121 l 
216 -130 229 -134 242 -134 ct 260 -134 275 -128 287 -116 ct 299 -104 305 -88 305 -69 ct 
305 -51 300 -35 289 -21 ct 276 -5 259 3 236 3 ct 218 3 203 -2 192 -12 ct 180 -23 174 -36 172 -53 ct 
p ef
pom
gr
gr
gs
gs
pum
11735 10610 t
0.000 c 92 0 m  92 -48 l  3 -48 l  3 -71 l  97 -202 l  117 -202 l  117 -71 l 
144 -71 l  144 -48 l  117 -48 l  117 0 l  92 0 l  p
92 -71 m  92 -161 l  28 -71 l  92 -71 l  p ef
172 -99 m  172 -123 174 -142 179 -157 ct 184 -172 191 -183 201 -190 ct 211 -198 223 -202 238 -202 ct 
248 -202 258 -200 266 -195 ct 274 -191 281 -185 286 -177 ct 291 -169 295 -159 298 -147 ct 
301 -135 303 -119 303 -99 ct 303 -76 301 -57 296 -42 ct 291 -28 284 -16 274 -9 ct 
264 -1 252 3 238 3 ct 218 3 203 -4 192 -17 ct 179 -34 172 -62 172 -99 ct p
197 -99 m  197 -66 201 -44 209 -33 ct 216 -22 226 -17 238 -17 ct 249 -17 259 -22 266 -33 ct 
274 -44 278 -66 278 -99 ct 278 -132 274 -154 266 -165 ct 259 -176 249 -181 237 -181 ct 
226 -181 217 -176 210 -167 ct 201 -154 197 -132 197 -99 ct p ef
pom
gr
gr
gs
gs
pum
12981 10610 t
0.000 c 92 0 m  92 -48 l  3 -48 l  3 -71 l  97 -202 l  117 -202 l  117 -71 l 
144 -71 l  144 -48 l  117 -48 l  117 0 l  92 0 l  p
92 -71 m  92 -161 l  28 -71 l  92 -71 l  p ef
172 -53 m  197 -55 l  199 -42 203 -33 210 -27 ct 217 -20 226 -17 236 -17 ct 
249 -17 259 -21 267 -30 ct 275 -39 279 -51 279 -66 ct 279 -80 275 -92 267 -100 ct 
259 -108 249 -112 235 -112 ct 227 -112 219 -110 213 -107 ct 207 -103 202 -99 198 -93 ct 
175 -96 l  196 -199 l  294 -199 l  294 -174 l  215 -174 l  204 -121 l 
216 -130 229 -134 242 -134 ct 260 -134 275 -128 287 -116 ct 299 -104 305 -88 305 -69 ct 
305 -51 300 -35 289 -21 ct 276 -5 259 3 236 3 ct 218 3 203 -2 192 -12 ct 180 -23 174 -36 172 -53 ct 
p ef
pom
gr
gr
gs
gs
pum
14227 10610 t
0.000 c 13 -53 m  38 -55 l  40 -42 44 -33 51 -27 ct 58 -20 67 -17 77 -17 ct 90 -17 100 -21 108 -30 ct 
116 -39 120 -51 120 -66 ct 120 -80 116 -92 108 -100 ct 100 -108 90 -112 76 -112 ct 
68 -112 60 -110 54 -107 ct 48 -103 43 -99 39 -93 ct 16 -96 l  37 -199 l  135 -199 l 
135 -174 l  56 -174 l  45 -121 l  57 -130 70 -134 83 -134 ct 101 -134 116 -128 128 -116 ct 
140 -104 146 -88 146 -69 ct 146 -51 141 -35 130 -21 ct 117 -5 100 3 77 3 ct 59 3 44 -2 33 -12 ct 
21 -23 15 -36 13 -53 ct p ef
172 -99 m  172 -123 174 -142 179 -157 ct 184 -172 191 -183 201 -190 ct 211 -198 223 -202 238 -202 ct 
248 -202 258 -200 266 -195 ct 274 -191 281 -185 286 -177 ct 291 -169 295 -159 298 -147 ct 
301 -135 303 -119 303 -99 ct 303 -76 301 -57 296 -42 ct 291 -28 284 -16 274 -9 ct 
264 -1 252 3 238 3 ct 218 3 203 -4 192 -17 ct 179 -34 172 -62 172 -99 ct p
197 -99 m  197 -66 201 -44 209 -33 ct 216 -22 226 -17 238 -17 ct 249 -17 259 -22 266 -33 ct 
274 -44 278 -66 278 -99 ct 278 -132 274 -154 266 -165 ct 259 -176 249 -181 237 -181 ct 
226 -181 217 -176 210 -167 ct 201 -154 197 -132 197 -99 ct p ef
pom
gr
gr
gs
gs
pum
15473 10610 t
0.000 c 13 -53 m  38 -55 l  40 -42 44 -33 51 -27 ct 58 -20 67 -17 77 -17 ct 90 -17 100 -21 108 -30 ct 
116 -39 120 -51 120 -66 ct 120 -80 116 -92 108 -100 ct 100 -108 90 -112 76 -112 ct 
68 -112 60 -110 54 -107 ct 48 -103 43 -99 39 -93 ct 16 -96 l  37 -199 l  135 -199 l 
135 -174 l  56 -174 l  45 -121 l  57 -130 70 -134 83 -134 ct 101 -134 116 -128 128 -116 ct 
140 -104 146 -88 146 -69 ct 146 -51 141 -35 130 -21 ct 117 -5 100 3 77 3 ct 59 3 44 -2 33 -12 ct 
21 -23 15 -36 13 -53 ct p ef
172 -53 m  197 -55 l  199 -42 203 -33 210 -27 ct 217 -20 226 -17 236 -17 ct 
249 -17 259 -21 267 -30 ct 275 -39 279 -51 279 -66 ct 279 -80 275 -92 267 -100 ct 
259 -108 249 -112 235 -112 ct 227 -112 219 -110 213 -107 ct 207 -103 202 -99 198 -93 ct 
175 -96 l  196 -199 l  294 -199 l  294 -174 l  215 -174 l  204 -121 l 
216 -130 229 -134 242 -134 ct 260 -134 275 -128 287 -116 ct 299 -104 305 -88 305 -69 ct 
305 -51 300 -35 289 -21 ct 276 -5 259 3 236 3 ct 218 3 203 -2 192 -12 ct 180 -23 174 -36 172 -53 ct 
p ef
pom
gr
gr
gs
gs
pum
16720 10610 t
0.000 c 141 -152 m  116 -150 l  114 -160 111 -167 107 -171 ct 100 -178 92 -182 82 -182 ct 
74 -182 67 -180 61 -175 ct 53 -170 47 -162 43 -151 ct 39 -140 36 -124 36 -104 ct 
42 -113 49 -120 58 -124 ct 66 -129 75 -131 85 -131 ct 101 -131 115 -125 127 -113 ct 
138 -101 144 -85 144 -66 ct 144 -53 141 -41 136 -31 ct 130 -20 123 -11 113 -6 ct 
104 0 93 3 81 3 ct 60 3 44 -5 31 -20 ct 18 -35 11 -60 11 -94 ct 11 -133 18 -161 33 -179 ct 
45 -194 62 -202 84 -202 ct 100 -202 113 -198 123 -189 ct 133 -180 139 -168 141 -152 ct 
p
40 -65 m  40 -57 42 -49 45 -41 ct 49 -33 54 -27 60 -23 ct 67 -19 73 -17 81 -17 ct 
92 -17 101 -21 108 -30 ct 115 -38 119 -50 119 -64 ct 119 -78 115 -89 108 -97 ct 
101 -105 92 -109 80 -109 ct 69 -109 59 -105 52 -97 ct 44 -89 40 -78 40 -65 ct p ef
172 -99 m  172 -123 174 -142 179 -157 ct 184 -172 191 -183 201 -190 ct 211 -198 223 -202 238 -202 ct 
248 -202 258 -200 266 -195 ct 274 -191 281 -185 286 -177 ct 291 -169 295 -159 298 -147 ct 
301 -135 303 -119 303 -99 ct 303 -76 301 -57 296 -42 ct 291 -28 284 -16 274 -9 ct 
264 -1 252 3 238 3 ct 218 3 203 -4 192 -17 ct 179 -34 172 -62 172 -99 ct p
197 -99 m  197 -66 201 -44 209 -33 ct 216 -22 226 -17 238 -17 ct 249 -17 259 -22 266 -33 ct 
274 -44 278 -66 278 -99 ct 278 -132 274 -154 266 -165 ct 259 -176 249 -181 237 -181 ct 
226 -181 217 -176 210 -167 ct 201 -154 197 -132 197 -99 ct p ef
pom
gr
gr
gs
gs
pum
17966 10610 t
0.000 c 141 -152 m  116 -150 l  114 -160 111 -167 107 -171 ct 100 -178 92 -182 82 -182 ct 
74 -182 67 -180 61 -175 ct 53 -170 47 -162 43 -151 ct 39 -140 36 -124 36 -104 ct 
42 -113 49 -120 58 -124 ct 66 -129 75 -131 85 -131 ct 101 -131 115 -125 127 -113 ct 
138 -101 144 -85 144 -66 ct 144 -53 141 -41 136 -31 ct 130 -20 123 -11 113 -6 ct 
104 0 93 3 81 3 ct 60 3 44 -5 31 -20 ct 18 -35 11 -60 11 -94 ct 11 -133 18 -161 33 -179 ct 
45 -194 62 -202 84 -202 ct 100 -202 113 -198 123 -189 ct 133 -180 139 -168 141 -152 ct 
p
40 -65 m  40 -57 42 -49 45 -41 ct 49 -33 54 -27 60 -23 ct 67 -19 73 -17 81 -17 ct 
92 -17 101 -21 108 -30 ct 115 -38 119 -50 119 -64 ct 119 -78 115 -89 108 -97 ct 
101 -105 92 -109 80 -109 ct 69 -109 59 -105 52 -97 ct 44 -89 40 -78 40 -65 ct p ef
172 -53 m  197 -55 l  199 -42 203 -33 210 -27 ct 217 -20 226 -17 236 -17 ct 
249 -17 259 -21 267 -30 ct 275 -39 279 -51 279 -66 ct 279 -80 275 -92 267 -100 ct 
259 -108 249 -112 235 -112 ct 227 -112 219 -110 213 -107 ct 207 -103 202 -99 198 -93 ct 
175 -96 l  196 -199 l  294 -199 l  294 -174 l  215 -174 l  204 -121 l 
216 -130 229 -134 242 -134 ct 260 -134 275 -128 287 -116 ct 299 -104 305 -88 305 -69 ct 
305 -51 300 -35 289 -21 ct 276 -5 259 3 236 3 ct 218 3 203 -2 192 -12 ct 180 -23 174 -36 172 -53 ct 
p ef
pom
gr
gr
gs
gs
pum
18714 10610 t
0.000 c 141 -152 m  116 -150 l  114 -160 111 -167 107 -171 ct 100 -178 92 -182 82 -182 ct 
74 -182 67 -180 61 -175 ct 53 -170 47 -162 43 -151 ct 39 -140 36 -124 36 -104 ct 
42 -113 49 -120 58 -124 ct 66 -129 75 -131 85 -131 ct 101 -131 115 -125 127 -113 ct 
138 -101 144 -85 144 -66 ct 144 -53 141 -41 136 -31 ct 130 -20 123 -11 113 -6 ct 
104 0 93 3 81 3 ct 60 3 44 -5 31 -20 ct 18 -35 11 -60 11 -94 ct 11 -133 18 -161 33 -179 ct 
45 -194 62 -202 84 -202 ct 100 -202 113 -198 123 -189 ct 133 -180 139 -168 141 -152 ct 
p
40 -65 m  40 -57 42 -49 45 -41 ct 49 -33 54 -27 60 -23 ct 67 -19 73 -17 81 -17 ct 
92 -17 101 -21 108 -30 ct 115 -38 119 -50 119 -64 ct 119 -78 115 -89 108 -97 ct 
101 -105 92 -109 80 -109 ct 69 -109 59 -105 52 -97 ct 44 -89 40 -78 40 -65 ct p ef
207 -110 m  197 -113 189 -119 184 -126 ct 179 -132 177 -141 177 -150 ct 177 -165 182 -177 193 -187 ct 
204 -197 218 -202 236 -202 ct 254 -202 269 -197 280 -187 ct 291 -177 296 -164 296 -150 ct 
296 -140 294 -132 289 -126 ct 284 -119 276 -113 267 -110 ct 278 -106 287 -99 294 -90 ct 
300 -81 303 -70 303 -58 ct 303 -41 297 -26 285 -15 ct 272 -3 256 3 237 3 ct 217 3 201 -3 188 -15 ct 
176 -26 170 -41 170 -59 ct 170 -72 173 -83 180 -92 ct 186 -100 195 -106 207 -110 ct 
p
202 -151 m  202 -142 205 -134 211 -128 ct 218 -122 226 -119 237 -119 ct 247 -119 255 -122 262 -128 ct 
268 -134 271 -141 271 -150 ct 271 -159 268 -167 261 -173 ct 255 -179 247 -182 237 -182 ct 
226 -182 218 -179 212 -173 ct 205 -167 202 -160 202 -151 ct p
195 -58 m  195 -51 197 -44 200 -38 ct 203 -31 208 -26 215 -22 ct 222 -19 229 -17 237 -17 ct 
249 -17 259 -21 267 -28 ct 274 -36 278 -46 278 -58 ct 278 -70 274 -79 266 -87 ct 
258 -95 248 -99 236 -99 ct 224 -99 214 -95 206 -87 ct 199 -80 195 -70 195 -58 ct 
p ef
pom
gr
gr
1947 10221 m  1947 10071 l  ps
2195 10221 m  2195 10071 l  ps
2444 10221 m  2444 10071 l  ps
2693 10221 m  2693 10071 l  ps
2942 10221 m  2942 10071 l  ps
3190 10221 m  3190 10071 l  ps
3439 10221 m  3439 10071 l  ps
3688 10221 m  3688 10071 l  ps
3937 10221 m  3937 10071 l  ps
4186 10221 m  4186 10071 l  ps
4434 10221 m  4434 10071 l  ps
4683 10221 m  4683 10071 l  ps
4932 10221 m  4932 10071 l  ps
5181 10221 m  5181 10071 l  ps
5429 10221 m  5429 10071 l  ps
5678 10221 m  5678 10071 l  ps
5927 10221 m  5927 10071 l  ps
6176 10221 m  6176 10071 l  ps
6425 10221 m  6425 10071 l  ps
6673 10221 m  6673 10071 l  ps
6922 10221 m  6922 10071 l  ps
7171 10221 m  7171 10071 l  ps
7420 10221 m  7420 10071 l  ps
7668 10221 m  7668 10071 l  ps
7917 10221 m  7917 10071 l  ps
8166 10221 m  8166 10071 l  ps
8415 10221 m  8415 10071 l  ps
8664 10221 m  8664 10071 l  ps
8912 10221 m  8912 10071 l  ps
9161 10221 m  9161 10071 l  ps
9410 10221 m  9410 10071 l  ps
9659 10221 m  9659 10071 l  ps
9907 10221 m  9907 10071 l  ps
10156 10221 m  10156 10071 l  ps
10405 10221 m  10405 10071 l  ps
10654 10221 m  10654 10071 l  ps
10903 10221 m  10903 10071 l  ps
11151 10221 m  11151 10071 l  ps
11400 10221 m  11400 10071 l  ps
11649 10221 m  11649 10071 l  ps
11898 10221 m  11898 10071 l  ps
12146 10221 m  12146 10071 l  ps
12395 10221 m  12395 10071 l  ps
12644 10221 m  12644 10071 l  ps
12893 10221 m  12893 10071 l  ps
13142 10221 m  13142 10071 l  ps
13390 10221 m  13390 10071 l  ps
13639 10221 m  13639 10071 l  ps
13888 10221 m  13888 10071 l  ps
14137 10221 m  14137 10071 l  ps
14385 10221 m  14385 10071 l  ps
14634 10221 m  14634 10071 l  ps
14883 10221 m  14883 10071 l  ps
15132 10221 m  15132 10071 l  ps
15381 10221 m  15381 10071 l  ps
15629 10221 m  15629 10071 l  ps
15878 10221 m  15878 10071 l  ps
16127 10221 m  16127 10071 l  ps
16376 10221 m  16376 10071 l  ps
16624 10221 m  16624 10071 l  ps
16873 10221 m  16873 10071 l  ps
17122 10221 m  17122 10071 l  ps
17371 10221 m  17371 10071 l  ps
17620 10221 m  17620 10071 l  ps
17868 10221 m  17868 10071 l  ps
18117 10221 m  18117 10071 l  ps
18366 10221 m  18366 10071 l  ps
18615 10221 m  18615 10071 l  ps
18864 10221 m  18864 10071 l  ps
0 lw 1 lj 1947 10071 m  18864 10071 l  ps
gs
gs
pum
1537 10174 t
0.000 c 13 -99 m  13 -123 15 -142 20 -157 ct 25 -172 32 -183 42 -190 ct 52 -198 64 -202 79 -202 ct 
89 -202 99 -200 107 -195 ct 115 -191 122 -185 127 -177 ct 132 -169 136 -159 139 -147 ct 
142 -135 144 -119 144 -99 ct 144 -76 142 -57 137 -42 ct 132 -28 125 -16 115 -9 ct 
105 -1 93 3 79 3 ct 59 3 44 -4 33 -17 ct 20 -34 13 -62 13 -99 ct p
38 -99 m  38 -66 42 -44 50 -33 ct 57 -22 67 -17 79 -17 ct 90 -17 100 -22 107 -33 ct 
115 -44 119 -66 119 -99 ct 119 -132 115 -154 107 -165 ct 100 -176 90 -181 78 -181 ct 
67 -181 58 -176 51 -167 ct 42 -154 38 -132 38 -99 ct p ef
pom
gr
gr
gs
gs
pum
1537 9219 t
0.000 c 13 -53 m  38 -55 l  40 -42 44 -33 51 -27 ct 58 -20 67 -17 77 -17 ct 90 -17 100 -21 108 -30 ct 
116 -39 120 -51 120 -66 ct 120 -80 116 -92 108 -100 ct 100 -108 90 -112 76 -112 ct 
68 -112 60 -110 54 -107 ct 48 -103 43 -99 39 -93 ct 16 -96 l  37 -199 l  135 -199 l 
135 -174 l  56 -174 l  45 -121 l  57 -130 70 -134 83 -134 ct 101 -134 116 -128 128 -116 ct 
140 -104 146 -88 146 -69 ct 146 -51 141 -35 130 -21 ct 117 -5 100 3 77 3 ct 59 3 44 -2 33 -12 ct 
21 -23 15 -36 13 -53 ct p ef
pom
gr
gr
gs
gs
pum
1371 8243 t
0.000 c 105 0 m  80 0 l  80 -157 l  74 -152 66 -146 56 -140 ct 47 -135 38 -130 30 -128 ct 
30 -152 l  44 -158 56 -166 67 -175 ct 77 -184 85 -193 89 -202 ct 105 -202 l 
105 0 l  p ef
172 -99 m  172 -123 174 -142 179 -157 ct 184 -172 191 -183 201 -190 ct 211 -198 223 -202 238 -202 ct 
248 -202 258 -200 266 -195 ct 274 -191 281 -185 286 -177 ct 291 -169 295 -159 298 -147 ct 
301 -135 303 -119 303 -99 ct 303 -76 301 -57 296 -42 ct 291 -28 284 -16 274 -9 ct 
264 -1 252 3 238 3 ct 218 3 203 -4 192 -17 ct 179 -34 172 -62 172 -99 ct p
197 -99 m  197 -66 201 -44 209 -33 ct 216 -22 226 -17 238 -17 ct 249 -17 259 -22 266 -33 ct 
274 -44 278 -66 278 -99 ct 278 -132 274 -154 266 -165 ct 259 -176 249 -181 237 -181 ct 
226 -181 217 -176 210 -167 ct 201 -154 197 -132 197 -99 ct p ef
pom
gr
gr
gs
gs
pum
1371 7288 t
0.000 c 105 0 m  80 0 l  80 -157 l  74 -152 66 -146 56 -140 ct 47 -135 38 -130 30 -128 ct 
30 -152 l  44 -158 56 -166 67 -175 ct 77 -184 85 -193 89 -202 ct 105 -202 l 
105 0 l  p ef
172 -53 m  197 -55 l  199 -42 203 -33 210 -27 ct 217 -20 226 -17 236 -17 ct 
249 -17 259 -21 267 -30 ct 275 -39 279 -51 279 -66 ct 279 -80 275 -92 267 -100 ct 
259 -108 249 -112 235 -112 ct 227 -112 219 -110 213 -107 ct 207 -103 202 -99 198 -93 ct 
175 -96 l  196 -199 l  294 -199 l  294 -174 l  215 -174 l  204 -121 l 
216 -130 229 -134 242 -134 ct 260 -134 275 -128 287 -116 ct 299 -104 305 -88 305 -69 ct 
305 -51 300 -35 289 -21 ct 276 -5 259 3 236 3 ct 218 3 203 -2 192 -12 ct 180 -23 174 -36 172 -53 ct 
p ef
pom
gr
gr
gs
gs
pum
1371 6312 t
0.000 c 141 -25 m  141 0 l  8 0 l  8 -6 9 -12 11 -18 ct 14 -27 19 -36 27 -45 ct 
34 -54 44 -65 58 -76 ct 80 -94 95 -108 103 -118 ct 112 -128 116 -138 116 -147 ct 
116 -157 112 -165 105 -171 ct 98 -178 89 -181 78 -181 ct 66 -181 56 -177 49 -170 ct 
42 -163 38 -154 38 -141 ct 13 -144 l  15 -163 21 -177 33 -187 ct 44 -197 59 -202 78 -202 ct 
98 -202 113 -197 124 -186 ct 135 -175 141 -162 141 -146 ct 141 -138 139 -131 136 -123 ct 
133 -115 127 -107 119 -98 ct 112 -90 99 -78 82 -63 ct 67 -51 57 -43 53 -38 ct 49 -34 45 -29 43 -25 ct 
141 -25 l  p ef
172 -99 m  172 -123 174 -142 179 -157 ct 184 -172 191 -183 201 -190 ct 211 -198 223 -202 238 -202 ct 
248 -202 258 -200 266 -195 ct 274 -191 281 -185 286 -177 ct 291 -169 295 -159 298 -147 ct 
301 -135 303 -119 303 -99 ct 303 -76 301 -57 296 -42 ct 291 -28 284 -16 274 -9 ct 
264 -1 252 3 238 3 ct 218 3 203 -4 192 -17 ct 179 -34 172 -62 172 -99 ct p
197 -99 m  197 -66 201 -44 209 -33 ct 216 -22 226 -17 238 -17 ct 249 -17 259 -22 266 -33 ct 
274 -44 278 -66 278 -99 ct 278 -132 274 -154 266 -165 ct 259 -176 249 -181 237 -181 ct 
226 -181 217 -176 210 -167 ct 201 -154 197 -132 197 -99 ct p ef
pom
gr
gr
gs
gs
pum
1371 5357 t
0.000 c 141 -25 m  141 0 l  8 0 l  8 -6 9 -12 11 -18 ct 14 -27 19 -36 27 -45 ct 
34 -54 44 -65 58 -76 ct 80 -94 95 -108 103 -118 ct 112 -128 116 -138 116 -147 ct 
116 -157 112 -165 105 -171 ct 98 -178 89 -181 78 -181 ct 66 -181 56 -177 49 -170 ct 
42 -163 38 -154 38 -141 ct 13 -144 l  15 -163 21 -177 33 -187 ct 44 -197 59 -202 78 -202 ct 
98 -202 113 -197 124 -186 ct 135 -175 141 -162 141 -146 ct 141 -138 139 -131 136 -123 ct 
133 -115 127 -107 119 -98 ct 112 -90 99 -78 82 -63 ct 67 -51 57 -43 53 -38 ct 49 -34 45 -29 43 -25 ct 
141 -25 l  p ef
172 -53 m  197 -55 l  199 -42 203 -33 210 -27 ct 217 -20 226 -17 236 -17 ct 
249 -17 259 -21 267 -30 ct 275 -39 279 -51 279 -66 ct 279 -80 275 -92 267 -100 ct 
259 -108 249 -112 235 -112 ct 227 -112 219 -110 213 -107 ct 207 -103 202 -99 198 -93 ct 
175 -96 l  196 -199 l  294 -199 l  294 -174 l  215 -174 l  204 -121 l 
216 -130 229 -134 242 -134 ct 260 -134 275 -128 287 -116 ct 299 -104 305 -88 305 -69 ct 
305 -51 300 -35 289 -21 ct 276 -5 259 3 236 3 ct 218 3 203 -2 192 -12 ct 180 -23 174 -36 172 -53 ct 
p ef
pom
gr
gr
gs
gs
pum
1371 4381 t
0.000 c 13 -53 m  38 -56 l  41 -43 45 -33 52 -27 ct 59 -21 67 -18 77 -18 ct 89 -18 99 -22 106 -30 ct 
114 -38 118 -48 118 -60 ct 118 -71 114 -80 107 -88 ct 100 -95 90 -99 79 -99 ct 
74 -99 69 -98 62 -96 ct 64 -118 l  66 -118 67 -118 68 -118 ct 79 -118 88 -120 96 -126 ct 
104 -131 108 -140 108 -151 ct 108 -160 105 -167 99 -173 ct 93 -179 85 -182 76 -182 ct 
66 -182 58 -179 52 -173 ct 46 -167 42 -159 40 -147 ct 15 -150 l  18 -167 25 -179 35 -188 ct 
46 -197 59 -202 75 -202 ct 86 -202 96 -200 105 -195 ct 114 -190 121 -184 126 -176 ct 
131 -168 133 -159 133 -150 ct 133 -142 131 -134 126 -127 ct 121 -120 114 -114 105 -110 ct 
117 -107 127 -101 134 -93 ct 141 -84 144 -73 144 -60 ct 144 -43 138 -28 125 -15 ct 
112 -3 96 3 77 3 ct 59 3 44 -2 33 -13 ct 21 -23 15 -36 13 -53 ct p ef
172 -99 m  172 -123 174 -142 179 -157 ct 184 -172 191 -183 201 -190 ct 211 -198 223 -202 238 -202 ct 
248 -202 258 -200 266 -195 ct 274 -191 281 -185 286 -177 ct 291 -169 295 -159 298 -147 ct 
301 -135 303 -119 303 -99 ct 303 -76 301 -57 296 -42 ct 291 -28 284 -16 274 -9 ct 
264 -1 252 3 238 3 ct 218 3 203 -4 192 -17 ct 179 -34 172 -62 172 -99 ct p
197 -99 m  197 -66 201 -44 209 -33 ct 216 -22 226 -17 238 -17 ct 249 -17 259 -22 266 -33 ct 
274 -44 278 -66 278 -99 ct 278 -132 274 -154 266 -165 ct 259 -176 249 -181 237 -181 ct 
226 -181 217 -176 210 -167 ct 201 -154 197 -132 197 -99 ct p ef
pom
gr
gr
gs
gs
pum
1371 3426 t
0.000 c 13 -53 m  38 -56 l  41 -43 45 -33 52 -27 ct 59 -21 67 -18 77 -18 ct 89 -18 99 -22 106 -30 ct 
114 -38 118 -48 118 -60 ct 118 -71 114 -80 107 -88 ct 100 -95 90 -99 79 -99 ct 
74 -99 69 -98 62 -96 ct 64 -118 l  66 -118 67 -118 68 -118 ct 79 -118 88 -120 96 -126 ct 
104 -131 108 -140 108 -151 ct 108 -160 105 -167 99 -173 ct 93 -179 85 -182 76 -182 ct 
66 -182 58 -179 52 -173 ct 46 -167 42 -159 40 -147 ct 15 -150 l  18 -167 25 -179 35 -188 ct 
46 -197 59 -202 75 -202 ct 86 -202 96 -200 105 -195 ct 114 -190 121 -184 126 -176 ct 
131 -168 133 -159 133 -150 ct 133 -142 131 -134 126 -127 ct 121 -120 114 -114 105 -110 ct 
117 -107 127 -101 134 -93 ct 141 -84 144 -73 144 -60 ct 144 -43 138 -28 125 -15 ct 
112 -3 96 3 77 3 ct 59 3 44 -2 33 -13 ct 21 -23 15 -36 13 -53 ct p ef
172 -53 m  197 -55 l  199 -42 203 -33 210 -27 ct 217 -20 226 -17 236 -17 ct 
249 -17 259 -21 267 -30 ct 275 -39 279 -51 279 -66 ct 279 -80 275 -92 267 -100 ct 
259 -108 249 -112 235 -112 ct 227 -112 219 -110 213 -107 ct 207 -103 202 -99 198 -93 ct 
175 -96 l  196 -199 l  294 -199 l  294 -174 l  215 -174 l  204 -121 l 
216 -130 229 -134 242 -134 ct 260 -134 275 -128 287 -116 ct 299 -104 305 -88 305 -69 ct 
305 -51 300 -35 289 -21 ct 276 -5 259 3 236 3 ct 218 3 203 -2 192 -12 ct 180 -23 174 -36 172 -53 ct 
p ef
pom
gr
gr
gs
gs
pum
1371 2450 t
0.000 c 92 0 m  92 -48 l  3 -48 l  3 -71 l  97 -202 l  117 -202 l  117 -71 l 
144 -71 l  144 -48 l  117 -48 l  117 0 l  92 0 l  p
92 -71 m  92 -161 l  28 -71 l  92 -71 l  p ef
172 -99 m  172 -123 174 -142 179 -157 ct 184 -172 191 -183 201 -190 ct 211 -198 223 -202 238 -202 ct 
248 -202 258 -200 266 -195 ct 274 -191 281 -185 286 -177 ct 291 -169 295 -159 298 -147 ct 
301 -135 303 -119 303 -99 ct 303 -76 301 -57 296 -42 ct 291 -28 284 -16 274 -9 ct 
264 -1 252 3 238 3 ct 218 3 203 -4 192 -17 ct 179 -34 172 -62 172 -99 ct p
197 -99 m  197 -66 201 -44 209 -33 ct 216 -22 226 -17 238 -17 ct 249 -17 259 -22 266 -33 ct 
274 -44 278 -66 278 -99 ct 278 -132 274 -154 266 -165 ct 259 -176 249 -181 237 -181 ct 
226 -181 217 -176 210 -167 ct 201 -154 197 -132 197 -99 ct p ef
pom
gr
gr
gs
gs
pum
1371 1495 t
0.000 c 92 0 m  92 -48 l  3 -48 l  3 -71 l  97 -202 l  117 -202 l  117 -71 l 
144 -71 l  144 -48 l  117 -48 l  117 0 l  92 0 l  p
92 -71 m  92 -161 l  28 -71 l  92 -71 l  p ef
172 -53 m  197 -55 l  199 -42 203 -33 210 -27 ct 217 -20 226 -17 236 -17 ct 
249 -17 259 -21 267 -30 ct 275 -39 279 -51 279 -66 ct 279 -80 275 -92 267 -100 ct 
259 -108 249 -112 235 -112 ct 227 -112 219 -110 213 -107 ct 207 -103 202 -99 198 -93 ct 
175 -96 l  196 -199 l  294 -199 l  294 -174 l  215 -174 l  204 -121 l 
216 -130 229 -134 242 -134 ct 260 -134 275 -128 287 -116 ct 299 -104 305 -88 305 -69 ct 
305 -51 300 -35 289 -21 ct 276 -5 259 3 236 3 ct 218 3 203 -2 192 -12 ct 180 -23 174 -36 172 -53 ct 
p ef
pom
gr
gr
gs
gs
pum
1371 540 t
0.000 c 13 -53 m  38 -55 l  40 -42 44 -33 51 -27 ct 58 -20 67 -17 77 -17 ct 90 -17 100 -21 108 -30 ct 
116 -39 120 -51 120 -66 ct 120 -80 116 -92 108 -100 ct 100 -108 90 -112 76 -112 ct 
68 -112 60 -110 54 -107 ct 48 -103 43 -99 39 -93 ct 16 -96 l  37 -199 l  135 -199 l 
135 -174 l  56 -174 l  45 -121 l  57 -130 70 -134 83 -134 ct 101 -134 116 -128 128 -116 ct 
140 -104 146 -88 146 -69 ct 146 -51 141 -35 130 -21 ct 117 -5 100 3 77 3 ct 59 3 44 -2 33 -12 ct 
21 -23 15 -36 13 -53 ct p ef
172 -99 m  172 -123 174 -142 179 -157 ct 184 -172 191 -183 201 -190 ct 211 -198 223 -202 238 -202 ct 
248 -202 258 -200 266 -195 ct 274 -191 281 -185 286 -177 ct 291 -169 295 -159 298 -147 ct 
301 -135 303 -119 303 -99 ct 303 -76 301 -57 296 -42 ct 291 -28 284 -16 274 -9 ct 
264 -1 252 3 238 3 ct 218 3 203 -4 192 -17 ct 179 -34 172 -62 172 -99 ct p
197 -99 m  197 -66 201 -44 209 -33 ct 216 -22 226 -17 238 -17 ct 249 -17 259 -22 266 -33 ct 
274 -44 278 -66 278 -99 ct 278 -132 274 -154 266 -165 ct 259 -176 249 -181 237 -181 ct 
226 -181 217 -176 210 -167 ct 201 -154 197 -132 197 -99 ct p ef
pom
gr
gr
1 lw 0 lj 1797 10071 m  1947 10071 l  ps
1797 9106 m  1947 9106 l  ps
1797 8141 m  1947 8141 l  ps
1797 7176 m  1947 7176 l  ps
1797 6211 m  1947 6211 l  ps
1797 5247 m  1947 5247 l  ps
1797 4282 m  1947 4282 l  ps
1797 3317 m  1947 3317 l  ps
1797 2352 m  1947 2352 l  ps
1797 1387 m  1947 1387 l  ps
1797 423 m  1947 423 l  ps
0 lw 1 lj 1947 10071 m  1947 423 l  ps
0.898 c 1947 10071 m  2195 10071 l  2444 10071 l  2693 10071 l  2942 10071 l 
3190 10071 l  3439 10071 l  3688 10071 l  3937 10071 l  4186 10071 l  4434 10071 l 
4683 10071 l  4932 10071 l  5181 10071 l  5429 9043 l  5678 7594 l  5927 7347 l 
6176 7384 l  6425 7706 l  6673 7440 l  6922 7632 l  7171 7545 l  7420 7378 l 
7668 8027 l  7917 7736 l  8166 7502 l  8415 7774 l  8664 8200 l  8912 8052 l 
9161 8082 l  9410 7811 l  9659 7780 l  9907 7959 l  10156 7484 l  10405 7730 l 
10654 7737 l  10903 7841 l  11151 7656 l  11400 7415 l  11649 7922 l  11898 8156 l 
12146 7675 l  12395 7693 l  12644 8027 l  12893 7477 l  13142 7527 l  13390 7909 l 
13639 7570 l  13888 7631 l  14137 7909 l  14385 7965 l  14634 7323 l  14883 7502 l 
15132 7372 l  15381 7736 l  15629 7854 l  15878 7866 l  16127 7490 l  16376 7514 l 
16624 7298 l  16873 9275 l  17122 10071 l  17371 10071 l  17620 10071 l 
17868 10071 l  18117 10071 l  18366 10071 l  18615 10071 l  18864 10071 l 
18864 10071 l  1947 10071 l  p ef
0.000 c 1947 10071 m  2195 10071 l  2444 10071 l  2693 10071 l  2942 10071 l 
3190 10071 l  3439 10071 l  3688 10071 l  3937 10071 l  4186 10071 l  4434 10071 l 
4683 10071 l  4932 10071 l  5181 10071 l  5429 9043 l  5678 7594 l  5927 7347 l 
6176 7384 l  6425 7706 l  6673 7440 l  6922 7632 l  7171 7545 l  7420 7378 l 
7668 8027 l  7917 7736 l  8166 7502 l  8415 7774 l  8664 8200 l  8912 8052 l 
9161 8082 l  9410 7811 l  9659 7780 l  9907 7959 l  10156 7484 l  10405 7730 l 
10654 7737 l  10903 7841 l  11151 7656 l  11400 7415 l  11649 7922 l  11898 8156 l 
12146 7675 l  12395 7693 l  12644 8027 l  12893 7477 l  13142 7527 l  13390 7909 l 
13639 7570 l  13888 7631 l  14137 7909 l  14385 7965 l  14634 7323 l  14883 7502 l 
15132 7372 l  15381 7736 l  15629 7854 l  15878 7866 l  16127 7490 l  16376 7514 l 
16624 7298 l  16873 9275 l  17122 10071 l  17371 10071 l  17620 10071 l 
17868 10071 l  18117 10071 l  18366 10071 l  18615 10071 l  18864 10071 l 
18864 10071 l  1947 10071 l  pc
0.597 c 1947 10071 m  2195 10071 l  2444 10071 l  2693 10071 l  2942 10071 l 
3190 10071 l  3439 10071 l  3688 10071 l  3937 10071 l  4186 10071 l  4434 10071 l 
4683 10071 l  4932 10071 l  5181 10071 l  5429 9043 l  5678 7594 l  5927 7347 l 
6176 7384 l  6425 7706 l  6673 7440 l  6922 7632 l  7171 7545 l  7420 7378 l 
7668 7493 l  7917 6020 l  8166 5989 l  8415 6279 l  8664 7181 l  8912 6854 l 
9161 6823 l  9410 6545 l  9659 6125 l  9907 6526 l  10156 5755 l  10405 6051 l 
10654 5866 l  10903 6107 l  11151 5940 l  11400 5600 l  11649 6403 l  11898 6792 l 
12146 5958 l  12395 5983 l  12644 6459 l  12893 5674 l  13142 6026 l  13390 6631 l 
13639 5909 l  13888 6156 l  14137 6539 l  14385 6545 l  14634 5804 l  14883 5816 l 
15132 5828 l  15381 6576 l  15629 6409 l  15878 6434 l  16127 5842 l  16376 5680 l 
16624 5427 l  16873 8613 l  17122 10071 l  17371 10071 l  17620 10071 l 
17868 10071 l  18117 10071 l  18366 10071 l  18615 10071 l  18864 10071 l 
18864 10071 l  18615 10071 l  18366 10071 l  18117 10071 l  17868 10071 l 
17620 10071 l  17371 10071 l  17122 10071 l  16873 9275 l  16624 7298 l 
16376 7514 l  16127 7490 l  15878 7866 l  15629 7854 l  15381 7736 l  15132 7372 l 
14883 7502 l  14634 7323 l  14385 7965 l  14137 7909 l  13888 7631 l  13639 7570 l 
13390 7909 l  13142 7527 l  12893 7477 l  12644 8027 l  12395 7693 l  12146 7675 l 
11898 8156 l  11649 7922 l  11400 7415 l  11151 7656 l  10903 7841 l  10654 7737 l 
10405 7730 l  10156 7484 l  9907 7959 l  9659 7780 l  9410 7811 l  9161 8082 l 
8912 8052 l  8664 8200 l  8415 7774 l  8166 7502 l  7917 7736 l  7668 8027 l 
7420 7378 l  7171 7545 l  6922 7632 l  6673 7440 l  6425 7706 l  6176 7384 l 
5927 7347 l  5678 7594 l  5429 9043 l  5181 10071 l  4932 10071 l  4683 10071 l 
4434 10071 l  4186 10071 l  3937 10071 l  3688 10071 l  3439 10071 l  3190 10071 l 
2942 10071 l  2693 10071 l  2444 10071 l  2195 10071 l  1947 10071 l  p ef
0.000 c 1947 10071 m  2195 10071 l  2444 10071 l  2693 10071 l  2942 10071 l 
3190 10071 l  3439 10071 l  3688 10071 l  3937 10071 l  4186 10071 l  4434 10071 l 
4683 10071 l  4932 10071 l  5181 10071 l  5429 9043 l  5678 7594 l  5927 7347 l 
6176 7384 l  6425 7706 l  6673 7440 l  6922 7632 l  7171 7545 l  7420 7378 l 
7668 7493 l  7917 6020 l  8166 5989 l  8415 6279 l  8664 7181 l  8912 6854 l 
9161 6823 l  9410 6545 l  9659 6125 l  9907 6526 l  10156 5755 l  10405 6051 l 
10654 5866 l  10903 6107 l  11151 5940 l  11400 5600 l  11649 6403 l  11898 6792 l 
12146 5958 l  12395 5983 l  12644 6459 l  12893 5674 l  13142 6026 l  13390 6631 l 
13639 5909 l  13888 6156 l  14137 6539 l  14385 6545 l  14634 5804 l  14883 5816 l 
15132 5828 l  15381 6576 l  15629 6409 l  15878 6434 l  16127 5842 l  16376 5680 l 
16624 5427 l  16873 8613 l  17122 10071 l  17371 10071 l  17620 10071 l 
17868 10071 l  18117 10071 l  18366 10071 l  18615 10071 l  18864 10071 l 
18864 10071 l  18615 10071 l  18366 10071 l  18117 10071 l  17868 10071 l 
17620 10071 l  17371 10071 l  17122 10071 l  16873 9275 l  16624 7298 l 
16376 7514 l  16127 7490 l  15878 7866 l  15629 7854 l  15381 7736 l  15132 7372 l 
14883 7502 l  14634 7323 l  14385 7965 l  14137 7909 l  13888 7631 l  13639 7570 l 
13390 7909 l  13142 7527 l  12893 7477 l  12644 8027 l  12395 7693 l  12146 7675 l 
11898 8156 l  11649 7922 l  11400 7415 l  11151 7656 l  10903 7841 l  10654 7737 l 
10405 7730 l  10156 7484 l  9907 7959 l  9659 7780 l  9410 7811 l  9161 8082 l 
8912 8052 l  8664 8200 l  8415 7774 l  8166 7502 l  7917 7736 l  7668 8027 l 
7420 7378 l  7171 7545 l  6922 7632 l  6673 7440 l  6425 7706 l  6176 7384 l 
5927 7347 l  5678 7594 l  5429 9043 l  5181 10071 l  4932 10071 l  4683 10071 l 
4434 10071 l  4186 10071 l  3937 10071 l  3688 10071 l  3439 10071 l  3190 10071 l 
2942 10071 l  2693 10071 l  2444 10071 l  2195 10071 l  1947 10071 l  pc
0.398 c 1947 10071 m  2195 10071 l  2444 10071 l  2693 10071 l  2942 10071 l 
3190 10071 l  3439 10071 l  3688 10071 l  3937 10071 l  4186 10071 l  4434 10071 l 
4683 10071 l  4932 10071 l  5181 10071 l  5429 9043 l  5678 7594 l  5927 7347 l 
6176 7384 l  6425 7706 l  6673 7440 l  6922 7632 l  7171 7545 l  7420 7378 l 
7668 7493 l  7917 6020 l  8166 5989 l  8415 6279 l  8664 7181 l  8912 6854 l 
9161 6823 l  9410 6545 l  9659 6125 l  9907 6526 l  10156 5177 l  10405 3803 l 
10654 3742 l  10903 4149 l  11151 3680 l  11400 3099 l  11649 4365 l  11898 5187 l 
12146 3420 l  12395 4229 l  12644 4144 l  12893 3112 l  13142 3699 l  13390 4606 l 
13639 3631 l  13888 4211 l  14137 4624 l  14385 4514 l  14634 3205 l  14883 3699 l 
15132 3223 l  15381 4446 l  15629 4112 l  15878 4371 l  16127 3397 l  16376 3087 l 
16624 2834 l  16873 6236 l  17122 9661 l  17371 10071 l  17620 10071 l 
17868 10071 l  18117 10071 l  18366 10071 l  18615 10071 l  18864 10071 l 
18864 10071 l  18615 10071 l  18366 10071 l  18117 10071 l  17868 10071 l 
17620 10071 l  17371 10071 l  17122 10071 l  16873 8613 l  16624 5427 l 
16376 5680 l  16127 5842 l  15878 6434 l  15629 6409 l  15381 6576 l  15132 5828 l 
14883 5816 l  14634 5804 l  14385 6545 l  14137 6539 l  13888 6156 l  13639 5909 l 
13390 6631 l  13142 6026 l  12893 5674 l  12644 6459 l  12395 5983 l  12146 5958 l 
11898 6792 l  11649 6403 l  11400 5600 l  11151 5940 l  10903 6107 l  10654 5866 l 
10405 6051 l  10156 5755 l  9907 6526 l  9659 6125 l  9410 6545 l  9161 6823 l 
8912 6854 l  8664 7181 l  8415 6279 l  8166 5989 l  7917 6020 l  7668 7493 l 
7420 7378 l  7171 7545 l  6922 7632 l  6673 7440 l  6425 7706 l  6176 7384 l 
5927 7347 l  5678 7594 l  5429 9043 l  5181 10071 l  4932 10071 l  4683 10071 l 
4434 10071 l  4186 10071 l  3937 10071 l  3688 10071 l  3439 10071 l  3190 10071 l 
2942 10071 l  2693 10071 l  2444 10071 l  2195 10071 l  1947 10071 l  p ef
0.000 c 1947 10071 m  2195 10071 l  2444 10071 l  2693 10071 l  2942 10071 l 
3190 10071 l  3439 10071 l  3688 10071 l  3937 10071 l  4186 10071 l  4434 10071 l 
4683 10071 l  4932 10071 l  5181 10071 l  5429 9043 l  5678 7594 l  5927 7347 l 
6176 7384 l  6425 7706 l  6673 7440 l  6922 7632 l  7171 7545 l  7420 7378 l 
7668 7493 l  7917 6020 l  8166 5989 l  8415 6279 l  8664 7181 l  8912 6854 l 
9161 6823 l  9410 6545 l  9659 6125 l  9907 6526 l  10156 5177 l  10405 3803 l 
10654 3742 l  10903 4149 l  11151 3680 l  11400 3099 l  11649 4365 l  11898 5187 l 
12146 3420 l  12395 4229 l  12644 4144 l  12893 3112 l  13142 3699 l  13390 4606 l 
13639 3631 l  13888 4211 l  14137 4624 l  14385 4514 l  14634 3205 l  14883 3699 l 
15132 3223 l  15381 4446 l  15629 4112 l  15878 4371 l  16127 3397 l  16376 3087 l 
16624 2834 l  16873 6236 l  17122 9661 l  17371 10071 l  17620 10071 l 
17868 10071 l  18117 10071 l  18366 10071 l  18615 10071 l  18864 10071 l 
18864 10071 l  18615 10071 l  18366 10071 l  18117 10071 l  17868 10071 l 
